6
5 3
8 7 2 6 10
1 5 8 4 8
9 3
8 7 2 6 10 13 14 22 30
1 5 8 4 8 3 2 1 2
9 7
5 5 5 5 5 5 5 5 5 
5 5 5 5 5 1 4 6 1 
6 1
10 10 10 10 11 10 
1 2 3 4 8 8
5 3
10 12 15 9 25
3 9 6 3 1
100 22
88 49 12 92 90 73 89 61 73 26 69 83 71 65 36 3 14 81 92 57 33 41 45 5 100 26 16 67 67 65 36 57 68 14 78 11 23 42 96 85 18 99 29 95 10 79 41 34 20 35 56 34 68 13 47 60 54 2 38 32 13 90 88 23 32 40 29 13 97 71 54 44 47 2 91 86 46 18 80 26 56 86 64 37 27 53 27 44 25 6 89 86 9 4 40 54 6 89 56 90
79 98 77 38 94 10 16 14 16 11 35 76 8 81 18 10 12 39 84 96 46 29 29 52 26 62 76 38 13 9 41 4 23 85 17 57 54 23 10 83 2 25 86 24 20 71 74 5 57 53 36 68 47 97 46 62 78 66 82 43 59 36 7 24 44 84 97 57 47 71 33 38 62 72 44 19 9 73 24 68 31 92 93 89 25 49 34 6 65 18 98 63 27 38 57 44 88 78 7 44